1790786016 0
1790786020 0
1790786025 34687
1790786037 98249
1790786047 65123
1790786057 49781
1790786063 63974
1790786077 79681
1790786086 149331
1790786094 309390
1790786102 410698
1790786110 472030
1790786116 447667
1790786122 417614
1790786128 397583
1790786134 385096
1790786141 358162
1790786146 353526
1790786153 307677
1790786158 291169
1790786168 357302
1790786184 427536
1790786192 435343
1790786198 500353
1790786208 510240
1790786213 510240
1790786218 510240
1790786223 470240
1790786230 470240
1790786235 404537
1790786243 404537
1790786247 358491
1790786253 312553
1790786259 205705
1790786264 114793
1790786271 0
1790786276 0
1790786281 0
1790786286 0
1790786290 0
1790786295 0
1790786299 0
1790786303 0
1790786307 0
1790786312 0
1790786316 0
1790786320 0
1790786325 0
1790786329 0
1790786332 0
1790786337 0
1790786353 0
1790786357 0
1790786362 0
1790786367 0
1790786372 0
1790786375 0
1790786379 0
1790786383 0
1790786387 0
1790786391 0
1790786395 0
1790786401 0
1790786406 0
1790786411 0
1790786415 0
1790786419 0
1790786423 0
1790786428 0
1790786432 0
1790786436 0
1790786440 0
1790786444 0
1790786449 0
1790786453 0
1790786458 0
1790786465 0
1790786477 0
1790786507 0
1790786512 0
1790786516 0
1790786521 0
1790786525 0
1790786530 0
1790786534 0
1790786538 0
1790786542 0
1790786546 0
1790786550 0
1790786555 56360
1790786563 207581
1790786575 308125
1790786584 305439
1790786591 285364
1790786601 300213
