1790784796 0
1790784801 0
1790784807 0
1790784811 0
1790784815 0
1790784822 118915
1790784827 100081
1790784832 133251
1790784837 181248
1790784853 169131
1790784866 298788
1790784870 426804
1790784877 409140
1790784882 422096
1790784888 399960
1790784894 390017
1790784899 369008
1790784904 334953
1790784910 374556
1790784915 318695
1790784920 326564
1790784928 406244
1790784934 387443
1790784944 443529
1790784949 519186
1790784959 0
1790784969 0
1790784978 0
1790784983 447116
1790784990 618885
1790784995 740855
1790785000 717401
1790785006 725175
1790785012 721677
1790785020 718521
1790785026 799093
1790785038 864986
1790785044 924854
1790785052 974700
1790785059 1044783
1790785063 1044783
1790785068 980757
1790785072 980757
1790785077 916535
1790785083 876535
1790785088 767556
1790785093 703029
1790785098 638977
1790785103 532715
1790785108 492715
1790785113 387277
1790785118 323385
1790785123 240734
1790785128 176353
1790785133 71387
1790785138 71387
1790785142 71387
1790785146 71387
1790785150 71387
1790785154 71387
1790785158 71387
1790785162 71387
1790785166 71387
1790785169 71387
1790785173 71387
1790785177 71387
1790785181 71387
1790785185 71387
1790785189 71387
1790785193 71387
1790785197 71387
1790785201 71387
1790785205 71387
1790785208 71387
1790785212 71387
1790785216 71387
1790785220 71387
1790785224 71387
1790785228 71387
1790785233 71387
1790785237 71387
1790785240 71387
1790785245 71387
1790785249 71387
1790785253 71387
1790785257 71387
1790785261 71387
1790785264 71387
1790785268 71387
1790785272 71387
1790785277 71387
1790785280 71387
1790785284 71387
1790785288 71387
1790785293 71387
1790785297 71387
1790785301 71387
1790785305 71387
1790785309 71387
1790785313 71387
1790785319 71387
1790785324 71387
1790785328 71387
1790785331 71387
1790785335 71387
1790785339 71387
1790785344 71387
1790785351 71387
1790785356 71387
1790785360 71387
