1790800437 0 0
1790800444 0 0
1790800451 0 0
1790800460 0 0
1790800469 61232 166725
1790800480 65848 281350
1790800494 0 283561
1790800504 17543 366107
1790800515 0 436006
1790800523 22785 505934
1790800533 632 578701
1790800547 0 708677
1790800556 9131 787803
1790800564 0 888497
1790800575 0 848122
1790800585 4461 811422
1790800594 887 817668
1790800603 38 806631
1790800615 2303 906481
1790800624 78 1006382
1790800633 5119 1076947
1790800643 0 1076947
1790800653 0 1076947
1790800662 0 1076947
1790800669 0 1076947
1790800676 0 1011739
1790800686 0 965444
1790800694 0 945444
1790800701 0 860097
1790800710 0 683865
1790800719 0 510992
1790800728 0 352765
1790800736 0 266621
1790800744 0 136087
1790800751 0 91822
1790800759 0 71822
1790800766 0 26844
1790800773 0 0
1790800780 0 0
