1790802288 0 0
1790802295 71936 86206
1790802306 917 29924
1790802315 1767 1887
1790802324 0 33754
1790802334 40774 139438
1790802349 0 229386
1790802360 0 320053
1790802373 0 409799
1790802382 3856 422823
1790802391 2813 374669
1790802401 0 328409
1790802410 0 287319
1790802420 0 236622
1790802429 0 195528
1790802439 461 180311
1790802448 0 254712
1790802459 0 344791
1790802471 0 394674
1790802478 0 368788
1790802485 0 348788
1790802494 0 303517
1790802501 0 258421
1790802510 0 218421
1790802517 0 218421
1790802525 0 194033
1790802533 0 154033
1790802543 0 63420
1790802551 0 0
1790802559 0 0
