1790801193 0 0
1790801200 129850 159662
1790801209 204975 222761
1790801227 81420 314427
1790801243 0 476039
1790801253 0 541145
1790801262 0 559722
1790801272 7108 502035
1790801282 0 497984
1790801291 1437 457174
1790801302 164 532459
1790801312 0 613508
1790801326 4335 757618
1790801343 1666 906340
1790801354 0 1010205
1790801367 0 1091038
1790801378 0 952811
1790801387 0 800518
1790801396 0 648319
1790801404 0 492079
1790801413 0 359394
1790801421 0 293657
1790801429 0 208240
1790801437 0 208240
1790801444 0 163293
1790801453 0 143293
1790801460 0 78861
1790801473 0 32980
1790801482 0 0
1790801489 0 0
1790801497 0 0
