1790785468 0
1790785472 0
1790785477 26025
1790785483 114236
1790785490 142254
1790785496 231234
1790785501 226451
1790785507 268188
1790785512 264865
1790785517 294232
1790785524 354883
1790785529 318056
1790785534 368267
1790785539 360118
1790785545 402769
1790785551 413353
1790785556 459124
1790785561 479019
1790785568 532622
1790785576 576789
1790785581 626978
1790785586 644280
1790785592 640803
1790785597 608526
1790785603 603724
1790785609 602319
1790785615 552973
1790785621 529872
1790785627 568019
1790785635 607272
1790785641 574973
1790785646 621458
1790785653 0
1790785673 691015
1790785683 691015
1790785697 691015
1790785702 691015
1790785710 608016
1790785716 608016
1790785720 608016
1790785725 565827
1790785734 504881
1790785740 462289
1790785746 419372
1790785753 316338
1790785758 274066
1790785764 150104
1790785770 85901
1790785775 33448
1790785781 0
1790785786 0
1790785790 0
1790785795 0
1790785800 0
1790785804 0
1790785808 0
1790785812 0
1790785817 0
1790785820 0
1790785824 0
1790785829 0
1790785833 0
1790785838 0
1790785842 0
1790785846 0
1790785851 0
1790785854 0
1790785859 0
1790785863 0
1790785868 0
1790785872 0
1790785876 0
1790785880 0
1790785884 0
1790785890 0
1790785895 0
1790785900 0
1790785905 0
1790785914 0
1790785918 0
1790785923 0
1790785932 0
1790785938 0
1790785949 0
1790785961 0
1790785970 0
1790785978 0
1790785983 0
1790785989 0
1790785993 0
1790786001 0
1790786013 0
1790786017 0
1790786021 0
1790786030 44043
